id,xcenter,ycenter,aperture_sum_0,aperture_sum_1,residual_aperture_sum,count_err,mag_inst_err,mag_inst,mag_obj,mag_obj_err
1,451.07477,23.498941,6731.3999,61098.204,1639.8828,2282.4174,0.36812856,-8.0370321,18.274330900000002,0.37113196906602036
4,878.14924,65.115261,6288.509,56190.697,1605.9509,2188.934,0.37791559,-8.0143307,18.297032299999998,0.3808418240427331
5,611.88096,82.726405,7730.1733,59674.415,2757.3054,2255.9444,0.31684656,-8.6012122,17.7101508,0.3203311479687567
6,179.81801,89.337108,6008.3822,65454.651,553.828,2362.0697,0.42682024,-6.8584373,19.4529257,0.4294133428863215
7,1.5038945,94.618911,4331.0849,31953.397,1668.3018,1651.4384,0.41397633,-8.0556865,18.2556765,0.4166493772651254
8,635.99904,105.78798,5252.1514,59311.825,309.49928,2248.5453,0.46480871,-6.2266491,20.0847139,0.4671910087608836
9,626.94855,118.33848,4943.613,58811.9,42.621348,2238.9979,0.49172134,-4.074068,22.237295,0.493973863667445
10,845.228,153.41465,5301.4324,57422.525,516.22199,2212.5222,0.45311064,-6.7820912,19.5292718,0.45555411737394885
11,676.3347,159.44161,7539.3997,58731.583,2645.1011,2238.0513,0.32228724,-8.5561057,17.7552573,0.32571362704370466
12,967.65764,165.52465,12744.995,55517.015,8118.5769,2177.2846,0.185475,-9.7736998,16.5376632,0.1913668659934314
13,738.70973,169.53589,8093.8752,58713.317,3201.0988,2237.8279,0.30017881,-8.7632477,17.5481153,0.3038546029734683
14,682.69357,196.76727,9543.558,58655.265,4655.6192,2237.0481,0.25449242,-9.1699436,17.1414194,0.2588178773048808
15,965.66779,212.84965,5890.0699,54658.032,1335.2339,2158.8485,0.39793447,-7.8138934,18.4974696,0.4007145420237813
16,1061.0115,225.09564,11779.281,55050.31,7191.7547,2167.9237,0.19981821,-9.6420872,16.6692758,0.20529885246331023
17,612.46109,243.64883,5597.3408,58783.548,698.71182,2238.6051,0.43421576,-7.1107452,19.2006178,0.4367649573941636
18,26.876777,249.32447,5522.3389,64422.947,153.76,2343.3107,0.46069836,-5.4671084,20.8442546,0.46310180379894605
19,12.650647,256.84444,5408.464,54987.831,826.1447,2165.2266,0.43464957,-7.2926403,19.018722699999998,0.43719623794851303
22,389.04745,277.37035,6699.9378,69811.494,882.31334,2439.4192,0.39529881,-7.3640571,18.9473059,0.3980972883135026
23,191.42645,280.84466,8268.969,65484.682,2811.9121,2363.0889,0.31026911,-8.6225044,17.6888586,0.3138267394524247
24,332.16715,288.80044,1293351.1,162526.14,1279807.3,3889.219,0.0032647941,-15.267861,11.043502,0.047233046224685986
25,152.39813,302.39749,6160.2081,64639.483,773.58451,2347.3745,0.41371078,-7.2212694,19.0900936,0.4163855320053236
26,614.65927,305.39704,6492.0127,59032.706,1572.6206,2243.5345,0.37520035,-7.9915599,18.3198031,0.37814759607231463
27,910.59301,308.38985,5992.841,55684.793,1352.4415,2179.0116,0.39476317,-7.8277963,18.4835667,0.397565418721997
30,173.1265,314.05633,6080.89,64441.765,710.7429,2343.7715,0.41846386,-7.1292813,19.1820817,0.4211084229758977
32,897.83721,332.53951,12081.697,57027.921,7329.3699,2206.4587,0.19827946,-9.6626666,16.6486964,0.20380148682735247
33,835.65673,338.43963,14223.728,56638.581,9503.8467,2199.4261,0.16788263,-9.9447486,16.3666144,0.17436994933435299
34,926.90167,378.64629,23302.117,55275.23,18695.847,2174.9835,0.10133756,-10.679363,15.632,0.11175689169756614
36,629.32888,396.06332,8618.8369,57715.061,3809.2485,2218.8877,0.27950945,-8.9520983,17.3592647,0.2834534078370737
37,95.565027,419.74248,5525.9034,64518.901,149.32829,2345.0529,0.46074347,-5.4353552,20.8760078,0.46314667970610435
38,805.38315,432.54451,7797.3149,57046.718,3043.4217,2205.8502,0.30714311,-8.7084053,17.602957699999997,0.3107365311572169
39,306.70331,438.65501,5722.9363,61113.933,630.10856,2282.4896,0.43301181,-6.9985384,19.3128246,0.43556805366627155
40,375.24435,455.43294,7764.8769,60588.654,2715.8224,2273.1273,0.31783302,-8.5847534,17.7266096,0.32130690994354344
41,540.86422,463.99486,7217.4452,59971.489,2219.8212,2261.4263,0.34018,-8.365795,17.945568,0.3434279170002752
42,886.80209,464.04169,5085.1234,54298.991,560.20749,2151.5746,0.45937224,-6.8708723,19.440490699999998,0.4617825859187043
43,105.30575,464.94532,53173.319,67750.1,47527.478,2412.8502,0.049265901,-11.692362,14.619001,0.06817206742126668
45,86.675315,481.54266,17596.783,64298.328,12238.589,2343.6246,0.14459877,-10.219328,16.092035,0.15208256330250627
46,746.78208,496.37871,12501.457,58997.133,7585.0294,2244.1992,0.19489944,-9.6998932,16.611469800000002,0.20051457175841741
48,1022.2714,501.97905,8438.6738,53482.554,3981.7943,2136.1555,0.27483276,-9.000197,17.311166,0.27884287285918846
49,1021.0227,528.1089,4894.5506,53803.736,410.90587,2141.7152,0.47507123,-6.5343559,19.7770071,0.4774023202172994
50,91.993982,528.87039,6467.5634,60788.024,1401.8947,2276.5706,0.38216443,-7.8667885,18.4445745,0.38505837652539493
51,2.7204668,529.62569,9511.4272,36411.124,6477.1669,1764.0051,0.20135572,-9.5284627,16.7829003,0.20679561830915644
52,726.27687,588.52934,256515.43,76664.214,250126.74,2604.543,0.011023712,-13.4954,12.815963,0.04839239611144371
53,952.25118,598.17628,4732.7723,54033.404,229.98866,2146.2347,0.49234716,-5.9042661,20.4070969,0.4945968335272816
54,147.36155,607.44851,6400.3062,61625.242,1264.8694,2292.1477,0.38882276,-7.7551142,18.5562488,0.39166751265475863
55,190.71418,638.86988,6532.7694,60466.778,1493.8713,2270.5739,0.37735329,-7.9357829,18.3755801,0.38028385089163597
57,1069.7368,658.71875,31963.167,53402.605,27512.95,2140.066,0.072692096,-11.098843,15.21252,0.08662818592133362
58,162.87592,663.20693,5373.791,62441.554,170.32815,2307.0263,0.46610269,-5.5782161,20.7331469,0.46847840868110885
59,205.22176,695.51398,6109.1836,61130.731,1014.956,2282.8873,0.40570572,-7.516118,18.795245,0.4084328990371201
61,259.9476,711.80598,7330.7044,60309.979,2304.8729,2267.81,0.33586968,-8.4066174,17.9047456,0.33915887680915907
62,668.61622,721.02944,12676.437,51329.158,8399.0072,2093.8426,0.17933153,-9.8105699,16.5007931,0.18541871380011463
63,810.75298,721.61532,4779.1465,45678.267,972.62427,1973.6957,0.44837323,-7.4698628,18.8415002,0.450842383938978
64,100.32863,727.95631,53967.064,41867.362,50478.117,1902.7381,0.038278955,-11.757758,14.553605,0.06070897932793759
65,909.27319,734.44578,9947.4762,29744.819,7468.7412,1595.2895,0.1741151,-9.6831185,16.6282445,0.18037840730851884
